{
  "MC_PITCHRATE_D": 0.00410850865093648,
  "MC_PITCHRATE_I": 0.19875902459791342,
  "MC_PITCHRATE_P": 0.1995276049367383,
  "MC_PITCH_P": 8.778945762654445,
  "MC_ROLLRATE_D": 0.0037499069770753467,
  "MC_ROLLRATE_I": 0.07296302487890563,
  "MC_ROLLRATE_P": 0.08137225696981852,
  "MC_ROLL_P": 8.893165662552079,
  "MC_YAWRATE_D": 0.01918064688217178,
  "MC_YAWRATE_I": 3.7654640938527133,
  "MC_YAWRATE_P": 0.6318841741158975,
  "MC_YAW_P": 5.301377064043218,
  "pitch": {
    "model": {
      "delay": 0.028230490753820472,
      "f_s": 247.95884921174033,
      "fit": 0.9654066334959075,
      "gain": 149.44199138022682,
      "sample_delay": 7
    },
    "t_end": 20,
    "t_start": 15
  },
  "roll": {
    "model": {
      "delay": 0.03629634525491204,
      "f_s": 247.95884921174033,
      "fit": 0.9568958165626753,
      "gain": 162.7682882595381,
      "sample_delay": 9
    },
    "t_end": 30,
    "t_start": 25
  },
  "yaw": {
    "model": {
      "delay": 0.07662561776036986,
      "f_s": 247.95884921174033,
      "fit": 0.6176574054542529,
      "gain": 42.1848089320341,
      "sample_delay": 19
    },
    "t_end": 15,
    "t_start": 10
  }
}{
  "roll": {
    "t_end": 30,
    "t_start": 25,
    "model": {
      "delay": 0.03629634525491204,
      "fit": 0.9568958165626753,
      "gain": 162.7682882595381,
      "sample_delay": 9,
      "f_s": 247.95884921174033
    }
  },
  "yaw": {
    "t_end": 15,
    "t_start": 10,
    "model": {
      "delay": 0.07662561776036986,
      "fit": 0.6176574054542529,
      "gain": 42.1848089320341,
      "sample_delay": 19,
      "f_s": 247.95884921174033
    }
  },
  "pitch": {
    "t_end": 20,
    "t_start": 15,
    "model": {
      "delay": 0.028230490753820472,
      "fit": 0.9654066334959075,
      "gain": 149.44199138022682,
      "sample_delay": 7,
      "f_s": 247.95884921174033
    }
  }
}